11.021000 1.720000 4.823000 0.000000 0.068000 0.000000 0.104000 0.000000 0.069000 4.796000 
16.308001 1.785000 6.480000 0.000000 0.110000 0.000000 0.093000 0.000000 0.066000 7.253000 
21.739000 1.577000 4.679000 0.000000 0.069000 0.000000 0.095000 0.000000 0.068000 6.922000 
18.242001 1.693000 4.586000 0.000000 0.082000 0.000000 0.102000 0.000000 0.072000 6.299000 
23.617001 1.647000 5.105000 0.000000 0.082000 0.000000 0.119000 0.000000 0.074000 7.443000 
13.954000 1.782000 4.385000 0.000000 0.080000 0.000000 0.125000 0.000000 0.069000 5.069000 
17.142000 1.754000 6.105000 0.000000 0.082000 0.000000 0.122000 0.000000 0.072000 7.060000 
25.947001 1.831000 4.984000 0.000000 0.096000 0.000000 0.142000 0.000000 0.114000 12.638000 
22.004999 1.750000 4.121000 0.000000 0.124000 0.000000 0.140000 0.000000 0.097000 8.876000 
19.819000 1.845000 4.721000 0.000000 0.105000 0.000000 0.134000 0.000000 0.085000 8.983000 
13.993000 1.777000 3.890000 0.001000 0.092000 0.000000 0.143000 0.000000 0.075000 5.213000 
12.187000 1.897000 4.612000 0.000000 0.051000 0.000000 0.121000 0.000000 0.077000 5.908000 
21.530001 1.812000 9.300000 0.000000 0.119000 0.000000 0.129000 0.000000 0.084000 11.815000 
16.452000 1.786000 6.907000 0.000000 0.119000 0.000000 0.176000 0.000000 0.085000 10.695000 
20.759001 1.780000 7.732000 0.001000 0.109000 0.000000 0.126000 0.000000 0.082000 10.245000 
13.569000 1.776000 6.493000 0.000000 0.098000 0.000000 0.126000 0.001000 0.079000 6.760000 
18.906000 1.803000 6.351000 0.000000 0.101000 0.000000 0.134000 0.000000 0.088000 9.873000 
22.021000 1.824000 8.226000 0.000000 0.120000 0.000000 0.135000 0.000000 0.094000 11.901000 
23.320000 1.904000 5.967000 0.000000 0.088000 0.000000 0.133000 0.000000 0.083000 11.285000 
19.517000 1.844000 5.845000 0.000000 0.100000 0.000000 0.134000 0.000000 0.090000 11.475000 
28.150999 1.920000 6.432000 0.000000 0.090000 0.000000 0.126000 0.001000 0.082000 12.751000 
28.719999 1.964000 5.424000 0.000000 0.084000 0.000000 0.130000 0.000000 0.075000 14.771000 
31.240000 1.954000 7.100000 0.000000 0.089000 0.000000 0.122000 0.000000 0.088000 9.344000 
14.817000 1.905000 6.020000 0.000000 0.054000 0.000000 0.119000 0.000000 0.073000 11.421000 
22.334999 2.012000 4.939000 0.000000 0.102000 0.000000 0.134000 0.000000 0.088000 9.669000 
34.095001 2.067000 5.486000 0.000000 0.078000 0.000000 0.128000 0.000000 0.113000 24.964001 
16.468000 1.906000 4.559000 0.000000 0.065000 0.000000 0.136000 0.000000 0.077000 19.365000 
18.659000 2.012000 5.207000 0.000000 0.084000 0.000000 0.122000 0.000000 0.091000 18.621000 
27.346001 1.988000 5.516000 0.001000 0.079000 0.001000 0.130000 0.000000 0.079000 13.746000 
23.233999 1.973000 4.146000 0.000000 0.084000 0.000000 0.128000 0.000000 0.079000 19.054001 
15.548000 2.051000 4.587000 0.000000 0.062000 0.000000 0.125000 0.000000 0.077000 12.318000 
19.694000 1.993000 2.056000 0.000000 0.056000 0.000000 0.130000 0.000000 0.078000 16.103001 
