21.195000 2.511000 7.982000 0.000000 0.109000 0.000000 0.124000 0.000000 0.099000 1.406000 
31.908001 3.329000 13.951000 0.000000 0.211000 0.000000 0.148000 0.000000 0.115000 1.587000 
29.462000 3.307000 20.035000 0.001000 0.137000 0.000000 0.135000 0.000000 0.103000 2.040000 
30.559000 3.304000 8.372000 0.000000 0.106000 0.000000 0.116000 0.000000 0.072000 2.013000 
32.796001 3.336000 15.419000 0.000000 0.105000 0.000000 0.131000 0.000000 0.083000 2.428000 
25.886000 3.329000 22.372000 0.000000 0.058000 0.000000 0.128000 0.001000 0.086000 2.085000 
23.577999 3.306000 7.763000 0.000000 0.082000 0.001000 0.113000 0.000000 0.072000 1.889000 
24.556000 3.322000 13.658000 0.000000 0.108000 0.000000 0.117000 0.000000 0.094000 1.905000 
21.952000 3.371000 19.636999 0.000000 0.106000 0.000000 0.114000 0.000000 0.072000 1.757000 
15.890000 3.382000 9.022000 0.000000 0.083000 0.000000 0.116000 0.000000 0.072000 1.550000 
27.969000 3.445000 17.440001 0.000000 0.062000 0.000000 0.126000 0.000000 0.080000 3.037000 
20.493999 3.386000 25.629000 0.000000 0.113000 0.000000 0.121000 0.000000 0.080000 2.269000 
19.285000 3.426000 8.174000 0.000000 0.080000 0.000000 0.136000 0.000000 0.072000 2.067000 
22.018000 3.363000 15.161000 0.000000 0.084000 0.000000 0.134000 0.000000 0.072000 2.368000 
26.792999 3.410000 22.076000 0.000000 0.143000 0.000000 0.147000 0.000000 0.096000 2.686000 
33.346001 3.533000 7.507000 0.000000 0.097000 0.000000 0.162000 0.000000 0.085000 3.495000 
23.948999 3.494000 13.204000 0.000000 0.146000 0.000000 0.157000 0.001000 0.086000 3.013000 
15.455000 3.480000 18.885000 0.000000 0.077000 0.000000 0.137000 0.000000 0.071000 1.767000 
30.698000 3.527000 8.026000 0.000000 0.097000 0.001000 0.152000 0.001000 0.082000 4.411000 
28.645000 3.486000 14.689000 0.000000 0.100000 0.000000 0.141000 0.000000 0.073000 3.356000 
25.364000 3.501000 21.364000 0.000000 0.189000 0.001000 0.153000 0.000000 0.094000 3.097000 
28.514000 3.463000 7.370000 0.000000 0.079000 0.000000 0.140000 0.000000 0.077000 3.706000 
31.839001 3.536000 13.010000 0.000000 0.089000 0.000000 0.150000 0.001000 0.075000 4.921000 
26.044001 3.530000 18.490999 0.000000 0.087000 0.000000 0.141000 0.002000 0.093000 3.173000 
27.694000 3.545000 7.887000 0.000000 0.045000 0.000000 0.138000 0.000000 0.076000 2.672000 
16.577999 3.486000 14.550000 0.000000 0.094000 0.000000 0.142000 0.000000 0.073000 2.235000 
15.602000 3.477000 21.209000 0.001000 0.088000 0.001000 0.160000 0.000000 0.071000 2.374000 
23.452999 3.439000 8.389000 0.000000 0.122000 0.000000 0.144000 0.000000 0.086000 3.647000 
22.169001 3.453000 16.181000 0.000000 0.125000 0.000000 0.142000 0.000000 0.073000 3.054000 
18.233999 3.473000 23.806000 0.000000 0.102000 0.000000 0.139000 0.000000 0.077000 2.913000 
19.742001 3.416000 7.167000 0.000000 0.102000 0.000000 0.144000 0.000000 0.071000 3.374000 
21.601000 3.426000 12.509000 0.000000 0.095000 0.000000 0.144000 0.000000 0.074000 3.453000 
20.261999 3.474000 17.903000 0.000000 0.108000 0.000000 0.141000 0.000000 0.080000 3.575000 
20.319000 3.430000 7.656000 0.001000 0.105000 0.000000 0.145000 0.000000 0.072000 3.731000 
29.604000 3.489000 14.131000 0.000000 0.136000 0.000000 0.167000 0.000000 0.083000 5.279000 
22.740999 3.425000 20.573999 0.000000 0.090000 0.000000 0.137000 0.000000 0.089000 3.939000 
16.809000 3.345000 7.024000 0.000000 0.101000 0.000000 0.140000 0.000000 0.083000 3.243000 
24.367001 3.433000 12.302000 0.000000 0.137000 0.000000 0.147000 0.000000 0.093000 4.377000 
20.447001 3.420000 17.525999 0.000000 0.127000 0.000000 0.140000 0.000000 0.072000 3.777000 
20.190001 3.361000 6.896000 0.000000 0.127000 0.000000 0.141000 0.000000 0.092000 4.269000 
21.691999 3.413000 12.086000 0.000000 0.121000 0.000000 0.160000 0.000000 0.090000 4.519000 
33.745998 3.400000 17.122999 0.000000 0.180000 0.001000 0.155000 0.000000 0.084000 6.552000 
21.525999 3.723000 7.917000 0.002000 0.098000 0.000000 0.151000 0.000000 0.080000 4.806000 
17.270000 3.692000 15.311000 0.000000 0.111000 0.000000 0.140000 0.000000 0.092000 3.655000 
27.159000 3.745000 22.712000 0.000000 0.100000 0.000000 0.145000 0.000000 0.073000 5.541000 
25.943001 4.273000 6.858000 0.000000 0.194000 0.000000 0.162000 0.000000 0.098000 5.638000 
30.090000 4.243000 11.816000 0.000000 0.080000 0.000000 0.157000 0.001000 0.097000 7.663000 
25.770000 4.302000 16.889000 0.000000 0.190000 0.000000 0.156000 0.000000 0.074000 5.557000 
15.965000 4.168000 6.681000 0.000000 0.091000 0.000000 0.138000 0.000000 0.073000 3.896000 
15.077000 4.182000 11.610000 0.000000 0.087000 0.000000 0.141000 0.000000 0.074000 3.521000 
19.686001 4.215000 16.756001 0.000000 0.109000 0.000000 0.141000 0.000000 0.075000 4.511000 
34.713001 4.206000 7.068000 0.000000 0.157000 0.000000 0.152000 0.000000 0.094000 7.471000 
20.990000 4.214000 12.976000 0.000000 0.103000 0.000000 0.150000 0.000000 0.093000 5.207000 
20.225000 4.214000 18.702000 0.000000 0.133000 0.000000 0.148000 0.000000 0.081000 5.114000 
29.639999 4.215000 6.555000 0.000000 0.142000 0.000000 0.152000 0.000000 0.086000 7.452000 
26.233000 4.174000 11.432000 0.001000 0.136000 0.000000 0.151000 0.000000 0.081000 6.209000 
21.447001 4.190000 16.195999 0.000000 0.110000 0.000000 0.139000 0.000000 0.077000 5.077000 
26.061001 4.175000 7.497000 0.000000 0.120000 0.000000 0.151000 0.000000 0.074000 6.829000 
29.653000 4.230000 14.594000 0.000000 0.150000 0.000000 0.143000 0.000000 0.098000 7.909000 
31.226000 4.217000 21.368999 0.000000 0.114000 0.000000 0.157000 0.000000 0.096000 8.252000 
28.309000 4.108000 6.905000 0.000000 0.086000 0.000000 0.149000 0.000000 0.080000 8.452000 
37.533001 4.138000 12.658000 0.001000 0.094000 0.000000 0.141000 0.000000 0.105000 7.150000 
26.979000 4.110000 18.305000 0.000000 0.090000 0.000000 0.147000 0.000000 0.093000 7.148000 
32.520000 4.149000 6.399000 0.000000 0.136000 0.000000 0.144000 0.000000 0.105000 9.833000 
33.221001 4.167000 10.983000 0.000000 0.125000 0.000000 0.164000 0.000000 0.100000 9.544000 
41.907001 4.196000 15.686000 0.000000 0.121000 0.000000 0.150000 0.000000 0.105000 11.267000 
42.722000 4.099000 3.612000 0.000000 0.169000 0.001000 0.166000 0.000000 0.105000 13.609000 
31.797001 4.125000 12.226000 0.000000 0.090000 0.000000 0.153000 0.000000 0.107000 9.326000 
39.321999 4.139000 17.728001 0.000000 0.106000 0.000000 0.144000 0.000000 0.082000 10.849000 
46.870998 3.464000 3.305000 0.000000 0.137000 0.000000 0.157000 0.001000 0.161000 16.437000 
29.042999 3.402000 10.667000 0.000000 0.071000 0.000000 0.145000 0.000000 0.081000 8.764000 
29.250999 3.421000 15.251000 0.000000 0.155000 0.000000 0.157000 0.000000 0.080000 9.408000 
22.223000 3.412000 3.498000 0.000000 0.075000 0.000000 0.142000 0.000000 0.075000 7.664000 
20.309000 3.422000 11.971000 0.000000 0.085000 0.000000 0.139000 0.001000 0.072000 6.826000 
37.952000 3.459000 17.403000 0.000000 0.119000 0.000000 0.154000 0.000000 0.104000 10.798000 
41.533001 3.883000 3.728000 0.000000 0.138000 0.000000 0.150000 0.000000 0.100000 12.649000 
33.765999 3.876000 13.272000 0.000000 0.122000 0.000000 0.166000 0.000000 0.084000 12.595000 
32.650002 3.873000 19.483000 0.000000 0.129000 0.000000 0.149000 0.000000 0.100000 9.894000 
28.138000 3.818000 3.109000 0.000000 0.077000 0.000000 0.140000 0.000000 0.073000 7.965000 
25.754000 3.814000 10.241000 0.000000 0.095000 0.000000 0.148000 0.000000 0.090000 9.213000 
39.363998 3.819000 14.710000 0.000000 0.130000 0.000000 0.166000 0.000000 0.074000 12.042000 
26.989000 3.770000 3.377000 0.000000 0.087000 0.000000 0.147000 0.000000 0.084000 10.786000 
26.531000 3.821000 11.482000 0.000000 0.071000 0.000000 0.139000 0.000000 0.080000 7.939000 
32.972000 3.848000 16.726999 0.000000 0.123000 0.000000 0.149000 0.000000 0.165000 13.349000 
37.737999 3.760000 3.040000 0.000000 0.124000 0.000000 0.164000 0.000000 0.094000 11.605000 
32.507999 3.736000 10.026000 0.000000 0.109000 0.000000 0.166000 0.000000 0.098000 12.205000 
43.980999 3.775000 14.352000 0.000000 0.149000 0.000000 0.164000 0.000000 0.086000 15.468000 
35.807999 3.761000 3.035000 0.000000 0.124000 0.000000 0.144000 0.000000 0.092000 14.361000 
48.231998 3.860000 9.803000 0.000000 0.125000 0.000000 0.151000 0.000000 0.219000 15.552000 
37.040001 3.747000 14.019000 0.000000 0.097000 0.000000 0.148000 0.000000 0.095000 14.933000 
38.729000 3.651000 3.489000 0.000000 0.067000 0.000000 0.150000 0.000000 0.105000 13.139000 
39.479000 3.638000 12.420000 0.000000 0.101000 0.000000 0.149000 0.000000 0.088000 15.284000 
51.775002 3.658000 18.332001 0.000000 0.125000 0.000000 0.167000 0.001000 0.150000 16.007999 
31.823999 3.626000 2.936000 0.001000 0.121000 0.000000 0.174000 0.000000 0.103000 15.334000 
25.605000 3.651000 5.100000 0.000000 0.106000 0.000000 0.140000 0.000000 0.073000 7.227000 
26.659000 3.635000 13.576000 0.000000 0.081000 0.000000 0.163000 0.001000 0.106000 12.059000 
34.943001 3.963000 2.884000 0.000000 0.116000 0.000000 0.159000 0.000000 0.081000 10.154000 
26.065001 3.938000 5.022000 0.000000 0.071000 0.000000 0.144000 0.001000 0.104000 12.659000 
27.943001 3.967000 13.370000 0.000000 0.125000 0.000000 0.149000 0.000000 0.081000 10.134000 
39.669998 3.943000 3.050000 0.000000 0.088000 0.000000 0.156000 0.000000 0.112000 17.749001 
22.386999 3.972000 5.500000 0.000000 0.069000 0.000000 0.139000 0.000000 0.073000 6.768000 
19.069000 3.963000 14.985000 0.000000 0.091000 0.000000 0.137000 0.000000 0.089000 9.042000 
37.643002 3.930000 2.805000 0.000000 0.071000 0.000000 0.145000 0.000000 0.075000 10.915000 
25.408001 3.924000 4.888000 0.001000 0.068000 0.000000 0.154000 0.000000 0.110000 13.191000 
37.181999 3.997000 12.962000 0.000000 0.117000 0.000000 0.174000 0.000000 0.082000 9.108000 
35.666000 4.301000 3.319000 0.000000 0.068000 0.001000 0.152000 0.001000 0.093000 18.430000 
42.389000 4.286000 6.374000 0.000000 0.069000 0.000000 0.184000 0.000000 0.126000 14.809000 
32.667999 4.276000 16.969999 0.000000 0.079000 0.000000 0.181000 0.003000 0.080000 13.953000 
35.370998 4.260000 3.016000 0.000000 0.109000 0.000000 0.152000 0.000000 0.150000 11.006000 
31.674000 4.240000 5.388000 0.000000 0.118000 0.000000 0.151000 0.000000 0.081000 15.717000 
33.812000 4.233000 14.420000 0.000000 0.114000 0.000000 0.162000 0.000000 0.084000 9.774000 
30.955999 4.270000 2.674000 0.000000 0.070000 0.000000 0.156000 0.000000 0.078000 16.063999 
40.535000 4.251000 4.681000 0.000000 0.123000 0.000000 0.155000 0.000000 0.082000 15.611000 
42.520000 4.316000 12.405000 0.000000 0.096000 0.000000 0.149000 0.001000 0.296000 17.576000 
40.868000 4.240000 2.882000 0.000000 0.090000 0.000000 0.154000 0.000000 0.109000 15.198000 
29.590000 4.196000 5.123000 0.000000 0.124000 0.000000 0.171000 0.000000 0.089000 16.445999 
49.790001 4.241000 7.435000 0.000000 0.166000 0.000000 0.167000 0.000000 0.105000 17.961000 
32.221001 4.286000 2.626000 0.000000 0.082000 0.000000 0.184000 0.000000 0.083000 15.911000 
39.498001 4.237000 4.487000 0.000000 0.073000 0.000000 0.146000 0.001000 0.105000 11.917000 
27.051001 4.214000 6.451000 0.000000 0.107000 0.000000 0.152000 0.000000 0.083000 14.011000 
27.136999 4.146000 2.760000 0.000000 0.073000 0.000000 0.146000 0.000000 0.080000 8.373000 
26.469999 4.164000 5.035000 0.000000 0.081000 0.000000 0.161000 0.000000 0.081000 14.094000 
29.402000 4.162000 7.433000 0.000000 0.101000 0.000000 0.142000 0.000000 0.074000 8.746000 
47.667000 4.018000 2.976000 0.000000 0.088000 0.000000 0.152000 0.000000 0.111000 26.384001 
50.841999 4.031000 5.530000 0.001000 0.095000 0.000000 0.143000 0.000000 0.089000 18.173000 
33.304001 3.998000 8.135000 0.000000 0.114000 0.000000 0.161000 0.000000 0.101000 16.347000 
28.827000 3.959000 2.493000 0.000000 0.079000 0.000000 0.149000 0.000000 0.077000 11.300000 
20.606001 3.992000 4.326000 0.000000 0.099000 0.000000 0.146000 0.000000 0.075000 11.456000 
27.634001 3.981000 6.154000 0.000000 0.079000 0.000000 0.139000 0.000000 0.077000 10.341000 
25.992001 3.915000 2.654000 0.000000 0.078000 0.000000 0.141000 0.000000 0.084000 15.696000 
34.466000 3.942000 4.834000 0.000000 0.114000 0.000000 0.167000 0.000000 0.207000 11.169000 
51.444000 3.977000 6.974000 0.000000 0.179000 0.000000 0.159000 0.000000 0.100000 25.556999 
39.924000 3.981000 2.413000 0.000000 0.115000 0.000000 0.157000 0.000000 0.083000 16.671000 
39.165001 3.941000 4.180000 0.001000 0.093000 0.000000 0.169000 0.000000 0.095000 19.034000 
55.959000 3.930000 5.960000 0.000000 0.143000 0.000000 0.203000 0.000000 0.160000 25.687000 
34.257999 4.222000 2.425000 0.000000 0.066000 0.000000 0.151000 0.001000 0.079000 18.271000 
43.013000 4.214000 4.032000 0.000000 0.069000 0.000000 0.150000 0.000000 0.078000 14.897000 
32.241001 4.218000 5.806000 0.001000 0.125000 0.000000 0.142000 0.000000 0.078000 18.978001 
