9.995000 1.073000 1.914000 0.000000 0.079000 0.000000 0.104000 0.000000 0.059000 1.091000 
8.608000 1.184000 3.359000 0.000000 0.088000 0.000000 0.078000 0.000000 0.056000 1.199000 
17.076000 1.205000 8.905000 0.000000 0.131000 0.000000 0.110000 0.000000 0.060000 1.927000 
11.778000 1.213000 2.041000 0.000000 0.107000 0.000000 0.106000 0.000000 0.069000 1.928000 
12.457000 1.201000 3.684000 0.000000 0.106000 0.000000 0.097000 0.000000 0.059000 2.057000 
9.367000 1.185000 9.994000 0.001000 0.088000 0.000000 0.096000 0.000000 0.060000 1.545000 
11.907000 1.181000 1.855000 0.000000 0.080000 0.000000 0.103000 0.000000 0.064000 2.278000 
15.601000 1.214000 3.267000 0.000000 0.100000 0.000000 0.096000 0.000000 0.073000 2.108000 
8.713000 1.180000 8.612000 0.000000 0.092000 0.000000 0.116000 0.000000 0.060000 1.703000 
7.632000 1.253000 2.239000 0.000000 0.085000 0.000000 0.104000 0.000000 0.061000 2.035000 
16.813999 1.312000 4.267000 0.000000 0.102000 0.000000 0.114000 0.000000 0.070000 3.393000 
9.965000 1.298000 11.347000 0.000000 0.108000 0.000000 0.115000 0.000000 0.061000 2.274000 
14.590000 1.280000 1.973000 0.000000 0.151000 0.000000 0.119000 0.000000 0.080000 3.206000 
13.182000 1.329000 3.597000 0.000000 0.104000 0.001000 0.122000 0.000000 0.064000 2.829000 
12.828000 1.266000 9.634000 0.000000 0.093000 0.000000 0.100000 0.000000 0.061000 2.962000 
23.656000 1.259000 1.811000 0.000000 0.090000 0.001000 0.148000 0.000000 0.079000 4.670000 
19.861000 1.246000 3.130000 0.000000 0.092000 0.000000 0.129000 0.000000 0.060000 3.765000 
22.834999 1.249000 8.306000 0.000000 0.193000 0.000000 0.141000 0.000000 0.087000 5.574000 
17.559999 1.313000 1.869000 0.000000 0.062000 0.000000 0.109000 0.000000 0.104000 4.122000 
18.646999 1.312000 3.430000 0.000000 0.110000 0.000000 0.124000 0.002000 0.080000 5.321000 
12.956000 1.240000 4.944000 0.000000 0.100000 0.000000 0.100000 0.000000 0.059000 3.436000 
18.289000 1.342000 1.720000 0.000000 0.087000 0.000000 0.122000 0.000000 0.173000 4.457000 
13.486000 1.230000 3.024000 0.000000 0.098000 0.000000 0.098000 0.000000 0.071000 2.910000 
10.708000 1.233000 4.323000 0.000000 0.077000 0.000000 0.127000 0.000000 0.061000 2.814000 
12.181000 1.241000 1.839000 0.001000 0.059000 0.000000 0.098000 0.000000 0.063000 3.248000 
9.835000 1.231000 3.367000 0.000000 0.166000 0.000000 0.096000 0.000000 0.072000 3.000000 
11.506000 1.285000 4.970000 0.000000 0.106000 0.000000 0.105000 0.000000 0.070000 2.953000 
10.974000 1.469000 2.019000 0.000000 0.121000 0.000000 0.125000 0.000000 0.086000 3.247000 
10.338000 1.440000 3.693000 0.000000 0.061000 0.000000 0.103000 0.000000 0.057000 3.643000 
9.769000 1.447000 5.431000 0.000000 0.087000 0.000000 0.102000 0.000000 0.067000 3.838000 
10.478000 1.440000 1.707000 0.000000 0.056000 0.000000 0.099000 0.000000 0.058000 2.519000 
10.608000 1.421000 2.868000 0.000000 0.122000 0.001000 0.100000 0.000000 0.071000 3.152000 
12.025000 1.428000 4.113000 0.000000 0.116000 0.000000 0.106000 0.000000 0.084000 3.466000 
10.085000 1.455000 1.754000 0.001000 0.062000 0.000000 0.098000 0.000000 0.072000 3.940000 
13.122000 1.501000 3.209000 0.001000 0.081000 0.000000 0.110000 0.000000 0.059000 4.403000 
14.088000 1.441000 4.654000 0.000000 0.087000 0.000000 0.106000 0.000000 0.058000 4.952000 
10.687000 1.429000 1.573000 0.000000 0.036000 0.000000 0.091000 0.000000 0.057000 4.541000 
9.393000 1.424000 2.783000 0.000000 0.085000 0.000000 0.113000 0.000000 0.084000 5.657000 
12.329000 1.459000 3.960000 0.000000 0.102000 0.000000 0.106000 0.000000 0.066000 5.112000 
13.848000 1.464000 1.596000 0.000000 0.087000 0.000000 0.112000 0.000000 0.075000 6.045000 
11.452000 1.439000 2.722000 0.000000 0.076000 0.000000 0.110000 0.000000 0.075000 4.856000 
12.052000 1.432000 3.858000 0.000000 0.082000 0.000000 0.103000 0.000000 0.058000 4.896000 
16.926001 1.434000 1.814000 0.000000 0.092000 0.000000 0.102000 0.000000 0.075000 7.311000 
17.173000 1.448000 3.415000 0.000000 0.128000 0.000000 0.112000 0.000000 0.157000 7.354000 
14.088000 1.463000 5.024000 0.000000 0.140000 0.000000 0.115000 0.000000 0.111000 6.879000 
18.910999 1.419000 2.853000 0.000000 0.129000 0.000000 0.128000 0.000000 0.072000 9.124000 
20.048000 1.410000 2.603000 0.000000 0.115000 0.000000 0.127000 0.000000 0.098000 8.435000 
20.483999 1.430000 3.727000 0.000000 0.089000 0.000000 0.100000 0.000000 0.064000 6.341000 
12.062000 1.372000 2.823000 0.000000 0.111000 0.000000 0.108000 0.000000 0.075000 7.275000 
11.437000 1.359000 2.612000 0.000000 0.179000 0.000000 0.103000 0.000000 0.092000 5.846000 
10.575000 1.344000 3.688000 0.000000 0.081000 0.000000 0.099000 0.000000 0.072000 3.856000 
14.214000 1.358000 2.896000 0.000000 0.097000 0.000000 0.130000 0.000000 0.065000 6.254000 
9.483000 1.318000 2.833000 0.000000 0.104000 0.000000 0.111000 0.001000 0.064000 4.477000 
9.500000 1.317000 4.004000 0.000000 0.118000 0.000000 0.096000 0.000000 0.058000 4.507000 
11.717000 1.363000 2.665000 0.000000 0.088000 0.000000 0.106000 0.000000 0.068000 6.726000 
9.803000 1.328000 2.462000 0.000000 0.071000 0.000000 0.098000 0.001000 0.057000 4.875000 
13.736000 1.329000 3.506000 0.000000 0.124000 0.000000 0.103000 0.000000 0.064000 7.524000 
13.269000 1.356000 3.102000 0.000000 0.129000 0.000000 0.126000 0.000000 0.069000 7.277000 
10.237000 1.313000 3.174000 0.000000 0.103000 0.000000 0.118000 0.000000 0.074000 5.360000 
15.253000 1.374000 4.675000 0.000000 0.154000 0.000000 0.117000 0.000000 0.084000 9.689000 
18.416000 1.422000 2.732000 0.000000 0.093000 0.000000 0.118000 0.000000 0.079000 10.325000 
13.882000 1.331000 2.694000 0.000000 0.104000 0.000000 0.108000 0.000000 0.077000 10.428000 
18.364000 1.325000 3.870000 0.000000 0.073000 0.000000 0.112000 0.000000 0.077000 8.785000 
16.921000 1.415000 2.579000 0.000000 0.110000 0.000000 0.132000 0.000000 0.071000 10.484000 
17.839001 1.477000 4.308000 0.000000 0.192000 0.001000 0.145000 0.000000 0.078000 10.566000 
21.549999 1.430000 3.359000 0.000000 0.210000 0.000000 0.148000 0.000000 0.085000 10.933000 
17.709000 1.445000 2.702000 0.000000 0.094000 0.000000 0.121000 0.000000 0.089000 12.527000 
15.319000 1.401000 4.734000 0.000000 0.223000 0.000000 0.127000 0.000000 0.082000 9.267000 
10.768000 1.382000 3.624000 0.000000 0.058000 0.000000 0.102000 0.001000 0.061000 7.013000 
12.645000 1.413000 2.384000 0.000000 0.060000 0.000000 0.102000 0.000000 0.070000 8.506000 
14.151000 1.441000 4.095000 0.000000 0.065000 0.000000 0.113000 0.000000 0.077000 9.020000 
14.432000 1.394000 3.142000 0.000000 0.080000 0.000000 0.114000 0.000000 0.084000 9.716000 
13.555000 1.442000 2.586000 0.000000 0.097000 0.000000 0.112000 0.000000 0.076000 9.935000 
8.777000 1.416000 4.532000 0.001000 0.071000 0.000000 0.110000 0.001000 0.061000 6.473000 
9.499000 1.385000 3.557000 0.000000 0.124000 0.000000 0.105000 0.001000 0.066000 7.568000 
13.797000 1.415000 2.677000 0.000000 0.090000 0.000000 0.098000 0.000000 0.079000 8.535000 
12.046000 1.400000 4.959000 0.000000 0.094000 0.000000 0.107000 0.000000 0.090000 8.204000 
8.389000 1.383000 7.189000 0.000000 0.079000 0.000000 0.099000 0.000000 0.062000 5.958000 
10.101000 1.416000 2.246000 0.000000 0.092000 0.001000 0.098000 0.000000 0.072000 7.217000 
10.045000 1.356000 3.795000 0.000000 0.103000 0.000000 0.100000 0.000000 0.060000 6.366000 
11.203000 1.380000 5.485000 0.000000 0.147000 0.000000 0.104000 0.000000 0.070000 9.761000 
11.260000 1.346000 2.436000 0.001000 0.117000 0.000000 0.100000 0.000000 0.062000 7.656000 
13.892000 1.327000 4.228000 0.000000 0.135000 0.000000 0.108000 0.001000 0.059000 9.493000 
17.077000 1.346000 6.069000 0.000000 0.123000 0.000000 0.099000 0.000000 0.062000 12.116000 
15.647000 1.488000 2.199000 0.000000 0.077000 0.000000 0.100000 0.000000 0.068000 12.815000 
13.441000 1.480000 3.639000 0.000000 0.105000 0.000000 0.106000 0.001000 0.065000 9.402000 
9.433000 1.431000 5.137000 0.000000 0.107000 0.000000 0.102000 0.000000 0.059000 7.149000 
10.552000 1.415000 2.121000 0.000000 0.076000 0.000000 0.108000 0.000000 0.057000 7.493000 
9.899000 1.418000 3.528000 0.000000 0.081000 0.000000 0.103000 0.000000 0.058000 8.702000 
12.749000 1.441000 5.024000 0.001000 0.092000 0.000000 0.096000 0.000000 0.078000 9.590000 
