15.471000 1.925000 5.313000 0.000000 0.081000 0.000000 0.107000 0.000000 0.072000 4.763000 
6.778000 1.977000 7.117000 0.000000 0.045000 0.001000 0.100000 0.000000 0.077000 2.334000 
6.807000 1.758000 5.066000 0.000000 0.036000 0.000000 0.097000 0.001000 0.073000 2.496000 
10.238000 1.881000 5.041000 0.000000 0.071000 0.000000 0.113000 0.000000 0.070000 3.543000 
11.674000 1.836000 5.643000 0.000000 0.075000 0.000000 0.120000 0.000000 0.079000 4.033000 
16.292999 2.010000 4.882000 0.000000 0.083000 0.000000 0.142000 0.000000 0.076000 5.438000 
8.247000 1.949000 6.728000 0.000000 0.069000 0.000000 0.138000 0.000000 0.073000 3.452000 
7.565000 1.953000 5.460000 0.001000 0.057000 0.001000 0.138000 0.000000 0.074000 3.321000 
8.672000 1.950000 4.510000 0.000000 0.079000 0.000000 0.140000 0.000000 0.073000 3.775000 
10.795000 2.049000 5.139000 0.000000 0.037000 0.000000 0.138000 0.001000 0.073000 4.367000 
17.045000 2.003000 4.361000 0.001000 0.080000 0.000000 0.144000 0.000000 0.081000 8.404000 
15.772000 2.095000 5.070000 0.000000 0.085000 0.001000 0.141000 0.000000 0.075000 8.550000 
10.422000 2.010000 10.201000 0.000000 0.078000 0.000000 0.134000 0.000000 0.074000 6.119000 
8.866000 2.000000 7.578000 0.000000 0.075000 0.000000 0.135000 0.000000 0.074000 6.675000 
6.713000 1.968000 8.487000 0.000000 0.052000 0.000000 0.135000 0.000000 0.079000 3.598000 
15.940000 1.989000 7.142000 0.000000 0.106000 0.000000 0.138000 0.000000 0.074000 8.812000 
12.301000 2.013000 6.960000 0.000000 0.108000 0.000000 0.142000 0.000000 0.074000 9.104000 
6.815000 2.026000 9.000000 0.000000 0.056000 0.001000 0.137000 0.000000 0.074000 3.948000 
14.250000 2.132000 6.604000 0.000000 0.081000 0.000000 0.140000 0.000000 0.074000 8.552000 
11.431000 2.042000 6.366000 0.000000 0.098000 0.000000 0.138000 0.000000 0.075000 6.491000 
12.372000 2.153000 7.146000 0.000000 0.073000 0.000000 0.138000 0.000000 0.072000 8.938000 
7.614000 2.150000 5.941000 0.000000 0.082000 0.000000 0.137000 0.000000 0.079000 5.048000 
14.002000 2.114000 7.846000 0.000000 0.076000 0.000000 0.138000 0.000000 0.073000 7.483000 
13.925000 2.155000 6.659000 0.000000 0.076000 0.000000 0.138000 0.000000 0.073000 11.224000 
11.848000 2.239000 5.386000 0.000000 0.093000 0.001000 0.138000 0.000000 0.073000 8.077000 
14.362000 2.189000 6.042000 0.000000 0.080000 0.000000 0.139000 0.000000 0.077000 7.070000 
17.495001 2.138000 5.049000 0.000000 0.104000 0.001000 0.138000 0.000000 0.074000 12.473000 
10.408000 2.217000 5.683000 0.000000 0.108000 0.000000 0.137000 0.001000 0.080000 7.768000 
6.855000 2.144000 6.025000 0.000000 0.045000 0.000000 0.130000 0.000000 0.081000 5.103000 
12.238000 2.197000 4.532000 0.000000 0.077000 0.000000 0.138000 0.000000 0.077000 9.281000 
13.054000 2.319000 5.051000 0.000000 0.081000 0.000000 0.139000 0.000000 0.074000 10.435000 
7.552000 2.209000 2.232000 0.000000 0.041000 0.000000 0.133000 0.000000 0.086000 6.255000 
