63.665001 4.191000 19.639999 0.000000 0.111000 0.000000 0.147000 0.000000 0.121000 21.636999 
56.457001 5.494000 22.747999 0.000000 0.084000 0.001000 0.130000 0.000000 0.096000 13.066000 
27.530001 4.810000 19.143000 0.000000 0.086000 0.000000 0.142000 0.000000 0.090000 6.971000 
47.285000 4.717000 22.313999 0.000000 0.097000 0.000000 0.167000 0.000000 0.096000 19.669001 
56.724998 4.999000 25.091999 0.000000 0.097000 0.000000 0.181000 0.000000 0.101000 14.013000 
45.980000 4.882000 18.497999 0.000000 0.096000 0.000000 0.179000 0.000000 0.100000 13.894000 
51.445999 5.099000 21.392000 0.000000 0.088000 0.000000 0.179000 0.000000 0.098000 11.046000 
69.583000 5.015000 18.049999 0.000000 0.139000 0.000000 0.183000 0.000000 0.120000 25.628000 
60.431999 5.158000 17.520000 0.000000 0.078000 0.000000 0.172000 0.000000 0.098000 20.219000 
42.117001 4.942000 23.346001 0.000000 0.084000 0.000000 0.170000 0.000000 0.095000 11.593000 
48.222000 4.956000 16.961000 0.001000 0.104000 0.001000 0.182000 0.000000 0.101000 18.621000 
64.339996 5.329000 16.853001 0.000000 0.139000 0.000000 0.184000 0.000000 0.120000 10.047000 
38.903999 5.056000 19.322001 0.000000 0.082000 0.000000 0.173000 0.000000 0.111000 12.716000 
43.254002 5.388000 16.360001 0.000000 0.089000 0.000000 0.181000 0.000000 0.093000 17.448999 
47.533001 5.183000 22.156000 0.000000 0.091000 0.001000 0.176000 0.000000 0.098000 14.066000 
37.025002 5.521000 18.750999 0.000000 0.095000 0.000000 0.175000 0.000000 0.097000 22.877001 
32.676998 5.257000 15.518000 0.000000 0.078000 0.000000 0.168000 0.000000 0.093000 8.307000 
50.326000 5.490000 9.480000 0.000000 0.094000 0.000000 0.176000 0.000000 0.098000 9.751000 
50.241001 5.359000 8.050000 0.000000 0.099000 0.000000 0.173000 0.000000 0.152000 12.832000 
36.633999 5.561000 9.518000 0.000000 0.114000 0.001000 0.181000 0.000000 0.109000 14.773000 
33.762001 5.461000 10.482000 0.000000 0.101000 0.003000 0.202000 0.000000 0.118000 18.674999 
30.875999 5.478000 7.668000 0.000000 0.122000 0.001000 0.203000 0.001000 0.103000 26.388000 
50.584999 5.630000 8.950000 0.000000 0.095000 0.000000 0.187000 0.000000 0.107000 18.841999 
42.738998 5.349000 7.418000 0.000000 0.088000 0.001000 0.173000 0.000000 0.100000 19.525999 
35.625000 5.417000 7.224000 0.000000 0.101000 0.000000 0.172000 0.000000 0.093000 11.421000 
29.454000 5.423000 9.671000 0.000000 0.138000 0.000000 0.208000 0.000000 0.123000 41.539001 
33.333000 5.698000 6.979000 0.000000 0.100000 0.000000 0.173000 0.000000 0.107000 12.956000 
35.216000 5.762000 6.854000 0.000000 0.070000 0.000000 0.173000 0.000000 0.092000 13.731000 
42.805000 5.514000 7.672000 0.000000 0.083000 0.000000 0.173000 0.000000 0.098000 36.291000 
54.460999 6.209000 6.611000 0.000000 0.097000 0.000000 0.176000 0.000000 0.103000 22.355000 
32.930000 5.951000 9.103000 0.000000 0.094000 0.000000 0.195000 0.000000 0.122000 16.013000 
45.042999 5.954000 7.460000 0.000000 0.083000 0.000000 0.171000 0.000000 0.094000 16.993000 
37.356998 5.903000 6.153000 0.000000 0.090000 0.000000 0.167000 0.000000 0.091000 13.449000 
66.032997 6.440000 6.974000 0.000000 0.097000 0.000000 0.173000 0.000000 0.097000 19.806000 
39.228001 6.046000 5.824000 0.000000 0.058000 0.000000 0.172000 0.000000 0.106000 29.021000 
29.562000 6.155000 6.893000 0.000000 0.084000 0.000000 0.168000 0.000000 0.094000 21.620001 
60.304001 6.235000 13.956000 0.000000 0.128000 0.000000 0.177000 0.000000 0.102000 36.772999 
39.490002 6.490000 10.317000 0.001000 0.108000 0.000000 0.174000 0.000000 0.098000 27.181000 
51.118000 6.122000 11.591000 0.000000 0.088000 0.000000 0.169000 0.000000 0.104000 15.246000 
39.714001 6.217000 9.782000 0.000000 0.124000 0.000000 0.203000 0.000000 0.128000 46.430000 
27.160999 5.946000 9.478000 0.000000 0.084000 0.000000 0.167000 0.000000 0.098000 14.690000 
39.195999 5.965000 12.261000 0.000000 0.095000 0.000000 0.170000 0.000000 0.101000 16.183001 
52.610001 6.334000 8.949000 0.000000 0.104000 0.000000 0.170000 0.000000 0.096000 19.844999 
36.570000 6.095000 8.699000 0.000000 0.099000 0.000000 0.170000 0.000000 0.094000 17.607000 
29.624001 6.113000 9.663000 0.000000 0.071000 0.001000 0.167000 0.001000 0.104000 35.261002 
35.251999 6.257000 8.133000 0.000000 0.102000 0.000000 0.169000 0.000000 0.094000 22.986000 
46.372002 6.160000 10.642000 0.000000 0.083000 0.001000 0.168000 0.000000 0.095000 17.032000 
36.243999 6.475000 9.035000 0.000000 0.094000 0.000000 0.171000 0.000000 0.102000 21.393000 
