9.794000 9.794000 2.878000 0.001000 0.075000 0.000000 1.888000 0.000000 1.678000 0.665000 
11.481000 11.481000 5.021000 0.001000 0.066000 0.000000 1.902000 0.000000 1.687000 0.751000 
6.630000 6.630000 6.868000 0.000000 0.030000 0.000000 1.867000 0.000000 1.616000 0.537000 
8.666000 8.666000 1.961000 0.000000 0.037000 0.000000 0.151000 0.000000 1.191000 0.717000 
7.219000 7.219000 3.749000 0.000000 0.052000 0.000000 0.146000 0.000000 1.192000 0.735000 
7.555000 7.555000 5.586000 0.000000 0.065000 0.000000 0.144000 0.001000 1.172000 0.734000 
8.010000 8.010000 2.044000 0.000000 0.047000 0.001000 4.051000 0.000000 0.964000 0.913000 
12.302000 12.302000 3.683000 0.000000 0.100000 0.000000 4.062000 0.000000 1.013000 1.162000 
10.267000 10.267000 5.309000 0.001000 0.065000 0.000000 4.064000 0.000000 1.023000 0.949000 
8.692000 8.692000 1.961000 0.000000 0.055000 0.000000 5.193000 0.000000 1.117000 0.954000 
8.355000 8.355000 3.999000 0.000000 0.071000 0.000000 5.205000 0.000000 1.132000 1.430000 
8.818000 8.818000 6.064000 0.000000 0.064000 0.000000 5.129000 0.000000 1.118000 1.076000 
9.957000 9.957000 1.862000 0.000000 0.071000 0.000000 6.510000 0.000000 1.134000 1.335000 
7.847000 7.847000 4.189000 0.000000 0.077000 0.000000 6.527000 0.000000 1.009000 1.057000 
7.801000 7.801000 6.309000 0.000000 0.075000 0.000000 6.467000 0.000000 1.061000 1.058000 
10.092000 10.092000 2.225000 0.000000 0.114000 0.000000 8.215000 0.000000 1.188000 1.745000 
7.103000 7.103000 4.494000 0.000000 0.042000 0.000000 8.175000 0.000000 1.105000 1.296000 
7.447000 7.447000 6.881000 0.000000 0.069000 0.000000 8.148000 0.000000 1.116000 1.156000 
6.416000 6.416000 1.887000 0.000000 0.041000 0.000000 9.051000 0.000000 0.780000 1.213000 
6.766000 6.766000 3.933000 0.000000 0.052000 0.000000 9.014000 0.000000 0.775000 1.230000 
7.422000 7.422000 5.818000 0.000000 0.043000 0.000000 8.975000 0.001000 0.777000 1.235000 
8.512000 8.512000 2.327000 0.000000 0.075000 0.001000 10.313000 0.000000 0.972000 1.617000 
8.869000 8.869000 5.019000 0.000000 0.075000 0.000000 10.299000 0.000000 0.980000 1.690000 
9.705000 9.705000 7.611000 0.000000 0.081000 0.000000 10.258000 0.000000 0.977000 1.341000 
9.402000 9.402000 2.694000 0.000000 0.083000 0.000000 12.802000 0.000000 1.098000 1.984000 
8.972000 8.972000 5.652000 0.000000 0.081000 0.000000 12.762000 0.000000 1.096000 1.845000 
6.965000 6.965000 8.711000 0.000000 0.071000 0.000000 12.708000 0.000000 1.117000 1.496000 
6.579000 6.579000 2.937000 0.000000 0.052000 0.000000 14.261000 0.000000 1.138000 1.710000 
9.795000 9.795000 6.267000 0.000000 0.091000 0.000000 14.217000 0.000000 1.146000 2.105000 
8.757000 8.757000 9.630000 0.000000 0.102000 0.000000 14.170000 0.000000 1.157000 2.196000 
8.867000 8.867000 3.076000 0.000000 0.095000 0.000000 15.910000 0.000000 1.204000 2.311000 
8.505000 8.505000 6.437000 0.001000 0.087000 0.000000 15.884000 0.000000 1.177000 2.087000 
8.657000 8.657000 9.639000 0.000000 0.087000 0.000000 15.827000 0.001000 1.168000 2.164000 
10.575000 10.575000 3.563000 0.000000 0.096000 0.000000 18.531000 0.000000 1.313000 3.938000 
10.392000 10.392000 7.420000 0.000000 0.099000 0.000000 18.487000 0.000000 1.293000 3.071000 
8.659000 8.659000 11.203000 0.000000 0.092000 0.000000 18.407000 0.001000 1.294000 1.982000 
9.375000 9.375000 3.584000 0.000000 0.102000 0.000000 20.559000 0.000000 1.266000 2.169000 
9.430000 9.430000 7.378000 0.000000 0.093000 0.000000 20.490999 0.001000 1.307000 2.365000 
8.422000 8.422000 11.052000 0.001000 0.091000 0.000000 20.424000 0.000000 1.322000 2.033000 
9.986000 9.986000 4.115000 0.000000 0.129000 0.000000 22.485001 0.000000 1.451000 2.546000 
10.294000 10.294000 8.304000 0.000000 0.104000 0.000000 22.386999 0.000000 1.450000 2.561000 
8.013000 8.013000 12.596000 0.000000 0.101000 0.000000 22.334999 0.000000 1.467000 2.328000 
7.506000 7.506000 3.922000 0.000000 0.095000 0.000000 30.502001 0.000000 1.090000 2.416000 
7.858000 7.858000 7.728000 0.000000 0.123000 0.000000 30.403999 0.000000 1.092000 2.504000 
7.667000 7.667000 11.263000 0.000000 0.113000 0.000000 30.311001 0.000000 1.103000 2.317000 
11.106000 11.106000 4.777000 0.000000 0.132000 0.000000 31.715000 0.000000 1.554000 3.605000 
11.238000 11.238000 9.450000 0.000000 0.108000 0.001000 31.579000 0.001000 1.530000 3.326000 
10.318000 10.318000 14.043000 0.000000 0.101000 0.000000 31.500999 0.000000 1.515000 3.574000 
12.374000 12.374000 5.019000 0.000000 0.126000 0.000000 35.550999 0.000000 1.528000 3.418000 
9.294000 9.294000 9.939000 0.000000 0.113000 0.000000 35.431000 0.000000 1.527000 2.842000 
8.335000 8.335000 14.828000 0.001000 0.098000 0.000000 35.299999 0.000000 1.532000 2.193000 
9.764000 9.764000 5.742000 0.000000 0.124000 0.000000 32.272999 0.000000 1.753000 2.997000 
10.155000 10.155000 11.426000 0.001000 0.147000 0.000000 32.192001 0.000000 1.742000 3.120000 
8.929000 8.929000 17.018999 0.000000 0.120000 0.000000 32.070999 0.000000 1.764000 4.048000 
12.953000 12.953000 5.870000 0.000000 0.133000 0.000000 33.298000 0.001000 1.685000 3.786000 
10.069000 10.069000 11.589000 0.000000 0.126000 0.000000 33.175999 0.000000 1.646000 2.915000 
11.015000 11.015000 17.184000 0.000000 0.122000 0.000000 33.096001 0.000000 1.647000 3.904000 
9.448000 9.448000 6.203000 0.001000 0.130000 0.000000 41.355999 0.000000 1.807000 3.972000 
10.428000 10.428000 12.145000 0.000000 0.113000 0.000000 41.214001 0.000000 1.774000 4.231000 
8.246000 8.246000 18.014000 0.001000 0.113000 0.000000 41.077000 0.000000 1.792000 2.894000 
9.892000 9.892000 7.259000 0.000000 0.156000 0.001000 39.761002 0.000000 2.031000 3.341000 
7.228000 7.228000 14.350000 0.000000 0.118000 0.000000 39.634998 0.000000 2.016000 2.762000 
12.570000 12.570000 21.249001 0.000000 0.134000 0.000000 39.506001 0.000000 2.007000 3.992000 
11.703000 11.703000 7.443000 0.000000 0.196000 0.000000 48.660999 0.000000 2.075000 4.665000 
10.050000 10.050000 14.592000 0.000000 0.126000 0.000000 48.445999 0.000000 2.084000 4.631000 
8.361000 8.361000 21.569000 0.001000 0.126000 0.000000 48.318001 0.001000 2.072000 3.428000 
6.928000 6.928000 7.464000 0.000000 0.104000 0.000000 50.456001 0.000000 1.945000 3.010000 
13.458000 13.458000 14.519000 0.000000 0.142000 0.000000 50.271999 0.000000 1.905000 5.899000 
10.074000 10.074000 21.424000 0.000000 0.150000 0.000000 50.105000 0.000000 1.923000 4.291000 
10.653000 10.653000 8.027000 0.000000 0.139000 0.000000 54.139999 0.000000 2.066000 4.650000 
9.545000 9.545000 15.438000 0.000000 0.152000 0.000000 53.981998 0.000000 2.065000 3.289000 
7.776000 7.776000 22.740999 0.000000 0.139000 0.000000 53.792000 0.000000 2.044000 3.323000 
7.568000 7.568000 9.663000 0.001000 0.140000 0.000000 67.707001 0.000000 2.493000 3.667000 
9.671000 9.671000 18.825001 0.000000 0.170000 0.000000 67.483002 0.000000 2.473000 4.147000 
7.697000 7.697000 27.705000 0.000000 0.185000 0.000000 67.269997 0.000000 2.449000 3.584000 
6.854000 6.854000 9.928000 0.000000 0.156000 0.000000 70.852997 0.000000 2.483000 3.532000 
7.552000 7.552000 19.155001 0.000000 0.129000 0.000000 70.610001 0.000000 2.471000 3.578000 
11.017000 11.017000 28.198999 0.000000 0.148000 0.000000 70.403999 0.000000 2.473000 4.281000 
7.314000 7.314000 10.087000 0.000000 0.137000 0.000000 76.194000 0.000000 2.394000 3.622000 
8.901000 8.901000 19.400999 0.000000 0.141000 0.000000 75.950996 0.000000 2.385000 4.493000 
7.013000 7.013000 28.524000 0.000000 0.136000 0.000000 75.704002 0.000000 2.387000 3.540000 
11.816000 11.816000 10.343000 0.000000 0.175000 0.000000 78.459999 0.000000 2.477000 6.196000 
9.831000 9.831000 19.771000 0.001000 0.176000 0.000000 78.217003 0.000000 2.436000 6.730000 
6.564000 6.564000 29.018000 0.000000 0.139000 0.000000 77.946999 0.000000 2.427000 3.335000 
7.642000 7.642000 10.529000 0.001000 0.147000 0.000000 79.540001 0.000000 2.475000 3.859000 
9.227000 9.227000 19.996000 0.000000 0.138000 0.000000 79.314003 0.000000 2.473000 4.518000 
10.585000 10.585000 29.354000 0.001000 0.153000 0.000000 79.032997 0.000000 2.557000 5.046000 
7.216000 7.216000 10.693000 0.000000 0.150000 0.000000 89.405998 0.001000 2.524000 6.075000 
7.651000 7.651000 20.274000 0.000000 0.142000 0.000000 89.119003 0.000000 2.484000 3.887000 
9.614000 9.614000 29.714001 0.001000 0.144000 0.000000 88.825996 0.001000 2.512000 6.045000 
9.423000 9.423000 10.245000 0.001000 0.154000 0.000000 137.735992 0.000000 2.305000 4.577000 
11.347000 11.347000 18.989000 0.001000 0.185000 0.000000 137.296997 0.000000 2.300000 4.774000 
6.761000 6.761000 27.124001 0.000000 0.153000 0.000000 136.802994 0.001000 2.302000 4.986000 
