23.353001 4.664000 21.554001 0.000000 0.109000 0.000000 0.143000 0.000000 0.098000 7.652000 
16.055000 6.136000 24.976999 0.000000 0.109000 0.000000 0.138000 0.000000 0.096000 5.491000 
29.208000 5.396000 21.009001 0.000000 0.109000 0.000000 0.143000 0.000000 0.099000 8.510000 
35.626999 5.248000 24.497999 0.000000 0.088000 0.001000 0.184000 0.000000 0.103000 9.951000 
32.819000 5.615000 27.681999 0.000000 0.099000 0.000000 0.192000 0.000000 0.103000 12.215000 
35.702000 5.447000 20.309000 0.000000 0.090000 0.000000 0.191000 0.000000 0.099000 12.381000 
36.181999 5.713000 23.513000 0.000000 0.094000 0.000000 0.190000 0.000000 0.101000 11.801000 
35.751999 5.479000 19.819000 0.000000 0.090000 0.001000 0.191000 0.001000 0.099000 12.296000 
23.264999 5.788000 19.242001 0.000000 0.092000 0.000000 0.187000 0.000000 0.097000 7.333000 
29.431999 5.528000 25.655001 0.000000 0.120000 0.001000 0.189000 0.000000 0.100000 12.760000 
30.160000 5.534000 18.641001 0.000000 0.112000 0.000000 0.191000 0.000000 0.108000 12.022000 
29.424000 5.862000 18.544001 0.000000 0.093000 0.000000 0.190000 0.000000 0.099000 12.003000 
27.281000 5.644000 21.289000 0.001000 0.092000 0.000000 0.188000 0.000000 0.100000 12.710000 
22.886999 6.004000 17.936001 0.000000 0.113000 0.000000 0.191000 0.000000 0.109000 12.516000 
27.671000 5.776000 24.381001 0.000000 0.090000 0.000000 0.189000 0.000000 0.102000 10.075000 
24.877001 6.186000 20.587999 0.000000 0.092000 0.001000 0.189000 0.000000 0.102000 11.350000 
16.576000 5.914000 17.077000 0.000000 0.081000 0.000000 0.189000 0.000000 0.099000 7.818000 
35.695999 6.161000 10.424000 0.000000 0.097000 0.000000 0.194000 0.000000 0.102000 18.766001 
24.552999 6.015000 8.869000 0.000000 0.092000 0.000000 0.186000 0.000000 0.110000 9.968000 
18.657000 6.233000 10.485000 0.000000 0.082000 0.000000 0.186000 0.000000 0.100000 11.124000 
22.882000 6.149000 11.603000 0.000000 0.085000 0.000000 0.192000 0.000000 0.098000 12.736000 
19.667000 6.109000 8.448000 0.000000 0.086000 0.000000 0.189000 0.000000 0.100000 10.182000 
25.948000 6.286000 9.868000 0.000000 0.087000 0.000000 0.190000 0.000000 0.100000 17.610001 
23.801001 6.013000 8.126000 0.000000 0.101000 0.000000 0.188000 0.000000 0.099000 10.902000 
25.975000 6.044000 7.969000 0.000000 0.089000 0.000000 0.195000 0.000000 0.100000 17.763000 
24.385000 6.097000 10.648000 0.000000 0.107000 0.000000 0.186000 0.000000 0.100000 15.909000 
23.186001 6.405000 7.690000 0.000000 0.104000 0.000000 0.187000 0.000000 0.101000 13.009000 
32.613998 6.462000 7.549000 0.000000 0.087000 0.000000 0.190000 0.000000 0.098000 19.046000 
20.882999 6.164000 8.476000 0.000000 0.085000 0.000000 0.188000 0.000000 0.101000 12.048000 
19.412001 6.926000 7.240000 0.000000 0.088000 0.000000 0.188000 0.000000 0.098000 20.572001 
22.208000 6.652000 10.074000 0.001000 0.104000 0.000000 0.191000 0.000000 0.106000 15.294000 
26.237000 6.681000 8.226000 0.000000 0.115000 0.000000 0.190000 0.000000 0.099000 21.030001 
26.252001 6.600000 6.778000 0.000000 0.086000 0.000000 0.189000 0.001000 0.099000 16.823999 
19.629999 7.182000 7.689000 0.000000 0.088000 0.000000 0.186000 0.000000 0.101000 19.889999 
21.156000 6.790000 6.482000 0.000000 0.087000 0.000000 0.189000 0.000000 0.100000 11.552000 
20.468000 6.894000 7.578000 0.000000 0.098000 0.001000 0.184000 0.000000 0.098000 11.936000 
22.601999 6.959000 15.309000 0.000000 0.088000 0.000000 0.191000 0.000000 0.101000 13.170000 
20.528999 7.277000 11.360000 0.000000 0.090000 0.000000 0.184000 0.000000 0.105000 15.461000 
23.607000 6.864000 12.761000 0.000000 0.110000 0.000000 0.187000 0.000000 0.099000 14.534000 
16.160000 6.887000 10.691000 0.000000 0.086000 0.000000 0.189000 0.000000 0.100000 11.584000 
25.077999 6.632000 10.417000 0.000000 0.092000 0.000000 0.192000 0.000000 0.097000 14.333000 
18.181999 6.694000 13.469000 0.000000 0.109000 0.000000 0.186000 0.000000 0.096000 17.948000 
26.487000 7.101000 9.858000 0.000000 0.090000 0.000000 0.191000 0.000000 0.099000 15.947000 
28.990999 6.844000 9.553000 0.000000 0.111000 0.001000 0.190000 0.000000 0.101000 23.094000 
15.842000 6.843000 10.623000 0.001000 0.088000 0.000000 0.189000 0.000000 0.096000 13.772000 
22.930000 7.028000 8.939000 0.000000 0.085000 0.000000 0.188000 0.000000 0.099000 16.150999 
28.368000 6.917000 11.732000 0.000000 0.088000 0.000000 0.189000 0.000000 0.100000 20.568001 
23.066999 7.259000 9.912000 0.000000 0.111000 0.001000 0.187000 0.000000 0.100000 18.403000 
