2.101000 1.392000 1.138000 
3.941000 1.387000 1.129000 
5.645000 1.392000 1.136000 
1.441000 1.787000 0.817000 
2.760000 1.780000 0.818000 
4.046000 1.792000 0.794000 
1.538000 2.842000 0.674000 
2.845000 2.831000 0.665000 
4.060000 2.815000 0.666000 
1.422000 3.647000 0.736000 
2.856000 3.631000 0.736000 
4.253000 3.632000 0.723000 
1.410000 4.733000 0.675000 
3.001000 4.684000 0.663000 
4.420000 4.688000 0.659000 
1.584000 5.887000 0.738000 
3.190000 5.833000 0.737000 
4.686000 5.829000 0.745000 
1.417000 6.477000 0.536000 
2.799000 6.431000 0.530000 
3.991000 6.379000 0.544000 
1.698000 7.315000 0.657000 
3.439000 7.277000 0.641000 
5.267000 7.245000 0.659000 
1.968000 8.910000 0.747000 
3.916000 8.869000 0.734000 
5.823000 8.846000 0.732000 
2.098000 10.112000 0.797000 
4.333000 10.086000 0.782000 
6.429000 10.010000 0.791000 
2.232000 11.094000 0.789000 
4.433000 11.056000 0.800000 
6.528000 11.002000 0.796000 
2.549000 12.772000 0.884000 
5.085000 12.708000 0.878000 
7.547000 12.667000 0.892000 
2.565000 13.948000 0.875000 
5.051000 13.874000 0.876000 
7.441000 13.827000 0.880000 
2.931000 14.810000 0.991000 
5.684000 14.714000 0.994000 
8.464000 14.642000 0.989000 
2.804000 19.323999 0.742000 
5.353000 19.226000 0.738000 
7.634000 19.110001 0.737000 
3.374000 21.052999 1.037000 
6.443000 20.930000 1.020000 
9.492000 20.827999 1.018000 
3.528000 22.568001 1.057000 
6.781000 22.424999 1.051000 
10.030000 22.316000 1.037000 
4.071000 21.348000 1.187000 
7.821000 21.240999 1.186000 
11.379000 21.113001 1.186000 
4.165000 21.997000 1.134000 
7.908000 21.884001 1.132000 
11.533000 21.792000 1.132000 
4.355000 27.510000 1.215000 
8.275000 27.346001 1.210000 
12.076000 27.215000 1.204000 
5.105000 26.656000 1.396000 
9.820000 26.521000 1.392000 
14.300000 26.389000 1.371000 
5.217000 31.985001 1.421000 
9.938000 31.823000 1.402000 
14.484000 31.672001 1.406000 
5.265000 33.036999 1.301000 
9.967000 32.907001 1.308000 
14.462000 32.734001 1.285000 
5.604000 36.019001 1.390000 
10.536000 35.826000 1.391000 
15.301000 35.654999 1.379000 
6.790000 43.792999 1.706000 
12.813000 43.561001 1.705000 
18.591000 43.339001 1.688000 
6.955000 45.914001 1.732000 
13.055000 45.678001 1.711000 
18.978001 45.417999 1.714000 
7.073000 49.901001 1.667000 
13.214000 49.640999 1.658000 
19.181000 49.386002 1.647000 
7.232000 52.926998 1.697000 
13.464000 52.681000 1.698000 
19.509001 52.417999 1.678000 
7.349000 52.894001 1.769000 
13.626000 52.624001 1.728000 
19.708000 52.348999 1.717000 
7.488000 59.785999 1.768000 
13.819000 59.477001 1.753000 
19.959999 59.176998 1.749000 
7.283000 88.163002 1.603000 
13.009000 87.716003 1.592000 
18.362000 87.285004 1.578000 
