0.788000 1.398000 0.442000 
1.389000 1.390000 0.450000 
1.958000 1.363000 0.446000 
0.723000 1.810000 0.422000 
1.365000 1.800000 0.435000 
2.057000 1.793000 0.427000 
0.717000 2.830000 0.321000 
1.252000 2.829000 0.309000 
1.845000 2.815000 0.325000 
0.850000 3.668000 0.397000 
1.597000 3.648000 0.394000 
2.317000 3.612000 0.379000 
0.888000 4.732000 0.385000 
1.630000 4.707000 0.375000 
2.383000 4.687000 0.390000 
0.998000 5.863000 0.409000 
1.857000 5.830000 0.408000 
2.674000 5.804000 0.415000 
0.952000 6.469000 0.327000 
1.632000 6.429000 0.328000 
2.324000 6.398000 0.327000 
1.194000 7.339000 0.402000 
2.125000 7.299000 0.407000 
3.056000 7.263000 0.398000 
1.354000 8.929000 0.466000 
2.434000 8.866000 0.467000 
3.495000 8.846000 0.453000 
1.506000 10.131000 0.508000 
2.725000 10.066000 0.506000 
3.907000 10.012000 0.504000 
1.589000 11.118000 0.495000 
2.814000 11.058000 0.495000 
3.998000 10.982000 0.498000 
1.825000 12.770000 0.575000 
3.291000 12.732000 0.574000 
4.666000 12.645000 0.563000 
1.894000 13.949000 0.575000 
3.284000 13.868000 0.584000 
4.667000 13.828000 0.577000 
2.147000 14.806000 0.661000 
3.740000 14.735000 0.667000 
5.286000 14.660000 0.664000 
2.054000 19.320000 0.546000 
3.487000 19.222000 0.555000 
4.814000 19.125000 0.540000 
