0.486000 0.695000 0.229000 
0.817000 0.675000 0.230000 
1.091000 0.672000 0.231000 
0.477000 0.904000 0.222000 
0.806000 0.919000 0.226000 
1.151000 0.917000 0.223000 
0.487000 1.423000 0.176000 
0.780000 1.434000 0.176000 
1.061000 1.427000 0.170000 
0.568000 1.833000 0.210000 
0.946000 1.832000 0.208000 
1.311000 1.839000 0.211000 
0.585000 2.388000 0.206000 
0.973000 2.376000 0.205000 
1.345000 2.355000 0.203000 
0.622000 2.944000 0.225000 
1.080000 2.949000 0.220000 
1.466000 2.915000 0.218000 
0.612000 3.258000 0.176000 
0.940000 3.239000 0.174000 
1.277000 3.203000 0.174000 
0.723000 3.695000 0.228000 
1.179000 3.678000 0.214000 
1.660000 3.655000 0.215000 
0.794000 4.495000 0.248000 
1.343000 4.470000 0.246000 
1.889000 4.449000 0.243000 
0.871000 5.095000 0.266000 
1.501000 5.048000 0.268000 
2.085000 5.023000 0.263000 
0.905000 5.586000 0.263000 
1.546000 5.555000 0.261000 
2.123000 5.528000 0.260000 
1.070000 6.407000 0.300000 
1.761000 6.377000 0.307000 
2.471000 6.345000 0.297000 
1.064000 6.993000 0.318000 
1.774000 6.970000 0.304000 
2.446000 6.935000 0.302000 
1.228000 7.418000 0.358000 
2.010000 7.397000 0.343000 
2.805000 7.348000 0.345000 
1.148000 9.687000 0.286000 
1.880000 9.648000 0.286000 
2.533000 9.602000 0.284000 
