12.001000 12.001000 2.069000 0.000000 0.039000 0.000000 1.328000 0.000000 1.171000 0.812000 
7.920000 7.920000 3.428000 0.000000 0.031000 0.000000 1.283000 0.000000 1.155000 0.503000 
10.711000 10.711000 4.882000 0.001000 0.085000 0.000000 1.293000 0.000000 1.183000 0.828000 
14.492000 14.492000 1.415000 0.000000 0.064000 0.000000 1.719000 0.001000 0.851000 1.143000 
13.383000 13.383000 2.630000 0.000000 0.061000 0.000000 1.721000 0.001000 0.843000 1.179000 
14.955000 14.955000 3.807000 0.000000 0.081000 0.000000 1.701000 0.000000 0.828000 1.136000 
13.688000 13.688000 1.495000 0.000000 0.046000 0.000000 2.651000 0.000000 0.688000 1.662000 
13.925000 13.925000 2.593000 0.000000 0.054000 0.001000 2.639000 0.000000 0.709000 1.622000 
13.635000 13.635000 3.724000 0.000000 0.064000 0.000000 2.618000 0.000000 0.697000 1.515000 
13.646000 13.646000 1.371000 0.000000 0.066000 0.001000 3.487000 0.000000 0.756000 1.770000 
6.886000 6.886000 2.681000 0.000000 0.034000 0.000000 3.467000 0.000000 0.830000 1.405000 
10.171000 10.171000 4.039000 0.001000 0.056000 0.000000 3.440000 0.000000 0.759000 1.366000 
9.580000 9.580000 1.381000 0.000000 0.035000 0.000000 4.415000 0.000000 0.680000 1.750000 
10.364000 10.364000 2.862000 0.000000 0.082000 0.000000 4.427000 0.000000 0.757000 1.571000 
9.767000 9.767000 4.202000 0.000000 0.111000 0.000000 4.380000 0.000000 0.694000 1.265000 
10.960000 10.960000 1.583000 0.000000 0.062000 0.000000 5.699000 0.000000 0.820000 1.853000 
10.172000 10.172000 3.080000 0.000000 0.169000 0.000000 5.668000 0.001000 0.804000 1.436000 
7.439000 7.439000 4.601000 0.000000 0.080000 0.000000 5.633000 0.000000 0.778000 1.162000 
8.624000 8.624000 1.285000 0.000000 0.104000 0.000000 6.230000 0.000000 0.612000 1.842000 
7.603000 7.603000 2.666000 0.000000 0.087000 0.000000 6.193000 0.000000 0.591000 1.333000 
7.897000 7.897000 3.932000 0.000000 0.107000 0.000000 6.151000 0.001000 0.592000 1.676000 
7.628000 7.628000 1.596000 0.000000 0.081000 0.000000 7.076000 0.000000 0.708000 1.468000 
13.281000 13.281000 3.407000 0.000000 0.114000 0.000000 7.057000 0.001000 0.751000 2.521000 
10.614000 10.614000 5.182000 0.001000 0.143000 0.000000 7.013000 0.000000 0.693000 1.771000 
13.737000 13.737000 1.894000 0.001000 0.082000 0.000000 8.767000 0.000000 0.867000 3.162000 
11.981000 11.981000 3.889000 0.000000 0.101000 0.000000 8.711000 0.001000 0.848000 2.518000 
10.502000 10.502000 5.807000 0.000000 0.140000 0.000000 8.656000 0.000000 0.783000 2.080000 
8.935000 8.935000 1.962000 0.000000 0.086000 0.000000 9.913000 0.000000 0.860000 2.606000 
7.964000 7.964000 4.238000 0.001000 0.089000 0.000000 9.896000 0.000000 0.842000 1.683000 
10.400000 10.400000 6.450000 0.000000 0.130000 0.000000 9.827000 0.000000 0.853000 2.247000 
9.886000 9.886000 2.054000 0.000000 0.109000 0.000000 10.887000 0.000000 0.827000 2.735000 
10.177000 10.177000 4.315000 0.001000 0.086000 0.001000 10.828000 0.000000 0.832000 2.245000 
11.984000 11.984000 6.394000 0.000000 0.136000 0.000000 10.779000 0.001000 0.833000 2.536000 
11.404000 11.404000 2.371000 0.000000 0.086000 0.000000 12.878000 0.000000 0.954000 2.673000 
13.378000 13.378000 4.934000 0.000000 0.103000 0.000000 12.811000 0.000000 0.939000 3.355000 
15.007000 15.007000 7.463000 0.000000 0.144000 0.000000 12.758000 0.000000 0.919000 3.753000 
14.709000 14.709000 2.418000 0.000000 0.069000 0.001000 14.128000 0.000000 0.975000 3.463000 
11.104000 11.104000 4.922000 0.000000 0.075000 0.000000 14.026000 0.001000 0.947000 3.131000 
14.548000 14.548000 7.306000 0.000000 0.141000 0.000000 13.977000 0.000000 0.982000 3.645000 
12.895000 12.895000 2.793000 0.000000 0.099000 0.000000 15.296000 0.000000 1.025000 3.698000 
11.532000 11.532000 5.573000 0.000000 0.134000 0.000000 15.216000 0.000000 1.029000 3.155000 
12.204000 12.204000 8.310000 0.000000 0.117000 0.000000 15.127000 0.000000 1.016000 3.310000 
11.542000 11.542000 2.647000 0.000000 0.126000 0.000000 19.931000 0.000000 0.794000 3.370000 
11.999000 11.999000 5.138000 0.000000 0.124000 0.000000 19.837999 0.000000 0.817000 3.561000 
11.771000 11.771000 7.422000 0.000000 0.093000 0.000000 19.715000 0.000000 0.790000 3.895000 
12.723000 12.723000 3.153000 0.000000 0.115000 0.000000 21.698000 0.000000 1.199000 4.050000 
8.917000 8.917000 6.209000 0.000000 0.134000 0.000000 21.583000 0.000000 1.090000 2.783000 
13.616000 13.616000 9.245000 0.000000 0.178000 0.000000 21.461000 0.000000 1.149000 4.244000 
15.423000 15.423000 3.360000 0.000000 0.141000 0.000000 23.379000 0.000000 1.121000 5.000000 
12.772000 12.772000 6.582000 0.000000 0.140000 0.001000 23.275999 0.000000 1.137000 4.713000 
12.466000 12.466000 9.825000 0.000000 0.115000 0.000000 23.131001 0.001000 1.106000 4.163000 
10.284000 10.284000 3.820000 0.000000 0.084000 0.000000 21.664000 0.000000 1.352000 3.791000 
7.660000 7.660000 7.514000 0.000000 0.175000 0.000000 21.525000 0.000000 1.253000 3.614000 
9.817000 9.817000 11.169000 0.000000 0.127000 0.000000 21.431000 0.000000 1.227000 3.472000 
10.888000 10.888000 3.840000 0.000000 0.128000 0.000000 22.312000 0.000000 1.218000 3.736000 
10.156000 10.156000 7.622000 0.000000 0.132000 0.000000 22.198000 0.000000 1.188000 3.705000 
11.138000 11.138000 11.229000 0.000000 0.154000 0.000000 22.106001 0.000000 1.206000 3.976000 
12.298000 12.298000 4.080000 0.000000 0.165000 0.000000 28.514999 0.000000 1.310000 5.369000 
16.157000 16.157000 8.030000 0.000000 0.129000 0.000000 28.353001 0.001000 1.284000 6.013000 
10.822000 10.822000 11.871000 0.001000 0.127000 0.000000 28.195000 0.000000 1.257000 3.683000 
9.346000 9.346000 4.738000 0.000000 0.173000 0.000000 26.341999 0.000000 1.438000 4.231000 
12.216000 12.216000 9.424000 0.000000 0.162000 0.000000 26.198999 0.000000 1.447000 4.939000 
10.037000 10.037000 13.925000 0.000000 0.127000 0.000000 26.058001 0.000000 1.425000 3.658000 
11.944000 11.944000 4.851000 0.000000 0.133000 0.000000 32.828999 0.000000 1.498000 5.447000 
12.487000 12.487000 9.594000 0.000000 0.179000 0.000000 32.681999 0.000000 1.440000 4.968000 
9.691000 9.691000 14.145000 0.001000 0.128000 0.000000 32.495998 0.000000 1.425000 3.537000 
9.927000 9.927000 4.847000 0.000000 0.144000 0.000000 33.275002 0.000000 1.374000 4.444000 
10.640000 10.640000 9.576000 0.001000 0.217000 0.000000 33.138000 0.000000 1.357000 4.240000 
11.991000 11.991000 14.078000 0.000000 0.179000 0.000000 32.956001 0.001000 1.396000 5.039000 
12.695000 12.695000 5.218000 0.000000 0.168000 0.000000 36.120998 0.000000 1.481000 6.068000 
10.461000 10.461000 10.175000 0.000000 0.166000 0.000000 35.945999 0.000000 1.492000 7.088000 
12.569000 12.569000 14.964000 0.000000 0.195000 0.000000 35.754002 0.000000 1.467000 5.552000 
8.679000 8.679000 6.263000 0.000000 0.163000 0.000000 43.870998 0.000000 1.743000 4.088000 
9.105000 9.105000 12.269000 0.000000 0.116000 0.000000 43.646999 0.000000 1.732000 4.231000 
17.922001 17.922001 18.118999 0.000000 0.138000 0.000000 43.430000 0.000000 1.752000 6.585000 
17.292000 17.292000 6.463000 0.000000 0.156000 0.000000 46.080002 0.000000 1.858000 7.780000 
17.639000 17.639000 12.549000 0.000000 0.187000 0.001000 45.858002 0.001000 1.779000 8.450000 
16.721001 16.721001 18.441000 0.000000 0.161000 0.000000 45.665001 0.000000 1.812000 8.824000 
13.270000 13.270000 6.503000 0.000000 0.178000 0.000000 50.222000 0.000000 1.718000 7.743000 
17.715000 17.715000 12.712000 0.001000 0.153000 0.000000 49.952000 0.000000 1.679000 8.711000 
17.980000 17.980000 18.659000 0.000000 0.187000 0.000000 49.702999 0.000000 1.690000 8.812000 
17.999001 17.999001 6.673000 0.000000 0.189000 0.000000 53.181999 0.000000 1.777000 9.136000 
17.801001 17.801001 13.001000 0.000000 0.184000 0.000000 52.903999 0.000000 1.731000 11.508000 
25.709999 25.709999 19.069000 0.000000 0.239000 0.000000 52.678001 0.000000 1.770000 12.054000 
18.433001 18.433001 6.757000 0.000000 0.153000 0.000000 53.986000 0.000000 1.743000 8.478000 
18.104000 18.104000 13.116000 0.000000 0.198000 0.000000 53.681999 0.000000 1.784000 10.391000 
20.948000 20.948000 19.184999 0.001000 0.193000 0.000000 53.410000 0.000000 1.810000 10.106000 
20.899000 20.899000 6.997000 0.010000 0.232000 0.000000 60.869999 0.001000 1.929000 10.846000 
17.382000 17.382000 13.290000 0.000000 0.156000 0.000000 60.570000 0.000000 1.809000 9.907000 
14.189000 14.189000 19.386000 0.000000 0.138000 0.001000 60.280998 0.000000 1.735000 5.979000 
13.484000 13.484000 6.576000 0.000000 0.131000 0.000000 86.209999 0.000000 1.609000 8.539000 
22.539000 22.539000 12.417000 0.000000 0.219000 0.000000 85.850998 0.000000 1.645000 9.754000 
21.837000 21.837000 17.747999 0.000000 0.238000 0.000000 85.390999 0.000000 1.683000 12.630000 
