22.982000 22.982000 2.704000 0.001000 0.048000 0.000000 1.685000 0.000000 1.474000 1.789000 
17.084999 17.084999 4.580000 0.000000 0.028000 0.000000 1.666000 0.000000 1.452000 0.946000 
22.285999 22.285999 6.261000 0.000000 0.095000 0.000000 1.666000 0.000000 1.442000 1.265000 
23.723000 23.723000 1.824000 0.000000 0.044000 0.000000 0.133000 0.000000 1.063000 1.743000 
31.517000 31.517000 3.359000 0.000000 0.077000 0.000000 0.142000 0.000000 1.086000 2.134000 
26.011000 26.011000 4.943000 0.000000 0.107000 0.000000 0.138000 0.000000 1.067000 2.405000 
20.931999 20.931999 1.921000 0.000000 0.074000 0.000000 3.648000 0.000000 0.956000 2.092000 
27.035999 27.035999 3.333000 0.000000 0.086000 0.000000 3.617000 0.001000 0.906000 3.161000 
31.360001 31.360001 4.753000 0.000000 0.158000 0.000000 3.612000 0.000000 0.920000 2.589000 
26.912001 26.912001 1.804000 0.000000 0.056000 0.000000 4.634000 0.000000 0.998000 3.332000 
18.882999 18.882999 3.649000 0.000000 0.100000 0.000000 4.601000 0.000000 0.991000 2.478000 
15.129000 15.129000 5.488000 0.000000 0.054000 0.000000 4.576000 0.001000 0.952000 1.840000 
19.510000 19.510000 1.782000 0.000000 0.087000 0.000000 5.835000 0.000000 0.945000 2.085000 
29.413000 29.413000 3.808000 0.000000 0.078000 0.001000 5.787000 0.000000 0.940000 2.689000 
23.870001 23.870001 5.697000 0.000000 0.123000 0.000000 5.784000 0.000000 0.938000 2.989000 
28.636000 28.636000 1.972000 0.001000 0.083000 0.000000 7.341000 0.001000 1.135000 4.085000 
21.900999 21.900999 4.058000 0.000000 0.105000 0.000000 7.336000 0.000000 1.066000 2.346000 
28.421000 28.421000 6.199000 0.000000 0.114000 0.000000 7.287000 0.000000 1.106000 3.069000 
13.915000 13.915000 1.789000 0.000000 0.054000 0.000000 8.084000 0.000000 0.742000 3.193000 
25.783001 25.783001 3.585000 0.000000 0.091000 0.000000 8.040000 0.000000 0.797000 4.343000 
17.129999 17.129999 5.276000 0.000000 0.093000 0.000000 8.019000 0.000000 0.742000 3.755000 
16.851000 16.851000 2.201000 0.000000 0.059000 0.000000 9.221000 0.000000 0.922000 2.504000 
19.079000 19.079000 4.538000 0.000000 0.053000 0.000000 9.182000 0.000000 0.893000 3.615000 
23.275000 23.275000 6.897000 0.000000 0.129000 0.000000 9.144000 0.001000 0.923000 2.760000 
20.870001 20.870001 2.488000 0.000000 0.139000 0.000000 11.432000 0.000000 1.042000 3.040000 
25.459999 25.459999 5.090000 0.000000 0.128000 0.000000 11.389000 0.000000 1.030000 5.182000 
25.568001 25.568001 7.836000 0.000000 0.115000 0.000000 11.346000 0.000000 1.016000 3.300000 
22.309999 22.309999 2.731000 0.000000 0.139000 0.000000 12.738000 0.000000 1.086000 6.410000 
10.939000 10.939000 5.725000 0.000000 0.093000 0.000000 12.693000 0.001000 1.082000 4.363000 
25.073000 25.073000 8.719000 0.000000 0.106000 0.000000 12.655000 0.000000 1.056000 2.345000 
15.178000 15.178000 2.871000 0.001000 0.061000 0.000000 14.185000 0.000000 1.035000 3.750000 
25.881001 25.881001 5.945000 0.000000 0.070000 0.000000 14.161000 0.001000 1.098000 5.489000 
22.128000 22.128000 8.665000 0.000000 0.074000 0.000000 14.102000 0.000000 1.037000 5.288000 
24.250999 24.250999 3.218000 0.000000 0.110000 0.000000 16.535999 0.000000 1.237000 4.556000 
17.347000 17.347000 6.758000 0.000000 0.097000 0.000000 16.468000 0.000000 1.176000 3.773000 
21.736000 21.736000 10.077000 0.000000 0.144000 0.000000 16.431999 0.000000 1.177000 3.879000 
23.319000 23.319000 3.271000 0.000000 0.100000 0.000000 18.316000 0.000000 1.184000 6.426000 
22.278999 22.278999 6.662000 0.000000 0.100000 0.000000 18.285000 0.001000 1.192000 3.766000 
21.639000 21.639000 9.927000 0.000000 0.117000 0.000000 18.184999 0.000000 1.170000 6.668000 
27.601999 27.601999 3.720000 0.000000 0.106000 0.000000 20.055000 0.000000 1.334000 4.759000 
21.667999 21.667999 7.557000 0.001000 0.111000 0.000000 19.985001 0.000000 1.303000 5.628000 
25.658001 25.658001 11.208000 0.000000 0.133000 0.000000 19.969999 0.001000 1.317000 5.352000 
14.136000 14.136000 3.614000 0.000000 0.122000 0.000000 27.179001 0.000000 0.989000 5.134000 
22.304001 22.304001 6.994000 0.000000 0.104000 0.000000 27.094999 0.000000 0.992000 5.276000 
23.304001 23.304001 10.090000 0.001000 0.141000 0.000000 26.997999 0.000000 1.005000 6.726000 
14.584000 14.584000 4.353000 0.000000 0.093000 0.001000 28.281000 0.000000 1.378000 3.952000 
27.000999 27.000999 8.424000 0.001000 0.167000 0.000000 28.179001 0.000000 1.392000 10.227000 
23.000999 23.000999 12.718000 0.000000 0.140000 0.000000 28.077000 0.000000 1.380000 4.438000 
13.677000 13.677000 4.545000 0.000000 0.076000 0.000000 31.690001 0.000000 1.416000 5.761000 
23.257999 23.257999 8.991000 0.000000 0.101000 0.000000 31.566000 0.000000 1.418000 6.330000 
28.451000 28.451000 13.483000 0.000000 0.154000 0.001000 31.434000 0.000000 1.444000 10.812000 
18.356001 18.356001 5.223000 0.000000 0.118000 0.000000 28.777000 0.000000 1.569000 6.141000 
25.187000 25.187000 10.407000 0.000000 0.076000 0.000000 28.665001 0.000000 1.537000 7.065000 
20.975000 20.975000 15.245000 0.000000 0.133000 0.001000 28.559000 0.000000 1.543000 6.359000 
27.656000 27.656000 5.329000 0.000000 0.082000 0.000000 29.690001 0.001000 1.495000 6.236000 
25.399000 25.399000 10.412000 0.000000 0.117000 0.000000 29.556999 0.000000 1.521000 7.287000 
15.009000 15.009000 15.469000 0.000000 0.114000 0.000000 29.455999 0.000000 1.515000 9.789000 
19.283001 19.283001 5.668000 0.000000 0.126000 0.000000 36.858002 0.000000 1.586000 7.091000 
26.216000 26.216000 10.918000 0.000000 0.133000 0.000000 36.723999 0.000000 1.607000 10.374000 
24.980000 24.980000 16.132999 0.000000 0.131000 0.000000 36.591000 0.001000 1.596000 5.117000 
23.812000 23.812000 6.544000 0.000000 0.122000 0.000000 35.436001 0.000000 1.828000 13.139000 
16.112000 16.112000 12.871000 0.000000 0.157000 0.000000 35.333000 0.000000 1.840000 6.052000 
23.563000 23.563000 18.978001 0.000000 0.139000 0.000000 35.193001 0.000000 1.815000 11.025000 
20.683001 20.683001 6.736000 0.000000 0.134000 0.000000 43.351002 0.000000 1.839000 8.941000 
25.757000 25.757000 13.031000 0.001000 0.133000 0.000000 43.160999 0.000000 1.826000 11.951000 
16.535000 16.535000 19.354000 0.000000 0.120000 0.000000 43.027000 0.000000 1.828000 6.096000 
16.983999 16.983999 6.748000 0.000000 0.089000 0.000000 44.952999 0.000000 1.684000 7.515000 
23.219000 23.219000 13.145000 0.000000 0.143000 0.000000 44.799999 0.003000 1.714000 10.763000 
21.278000 21.278000 19.153999 0.000000 0.095000 0.000000 44.626999 0.000000 1.710000 7.125000 
21.174000 21.174000 7.198000 0.000000 0.146000 0.000000 48.244999 0.000000 1.833000 11.816000 
17.521999 17.521999 13.881000 0.000000 0.198000 0.000000 48.085999 0.000000 1.908000 16.028999 
19.933001 19.933001 20.385000 0.000000 0.171000 0.000000 47.910999 0.000000 1.853000 7.467000 
21.440001 21.440001 8.716000 0.000000 0.157000 0.000000 60.332001 0.000000 2.235000 9.500000 
20.892000 20.892000 16.823000 0.000000 0.140000 0.000000 60.138000 0.000000 2.191000 8.221000 
21.868000 21.868000 24.728001 0.000000 0.133000 0.000000 59.918999 0.000000 2.205000 14.022000 
19.980000 19.980000 8.946000 0.000000 0.147000 0.000000 63.153000 0.000000 2.234000 8.120000 
16.899000 16.899000 17.139999 0.000000 0.148000 0.000000 62.912998 0.000000 2.252000 6.831000 
12.006000 12.006000 25.337999 0.001000 0.138000 0.000000 62.688999 0.000000 2.182000 4.352000 
22.927999 22.927999 9.165000 0.000000 0.249000 0.000000 67.919998 0.000000 2.194000 11.047000 
17.622000 17.622000 17.349001 0.000000 0.191000 0.000000 67.666000 0.000000 2.152000 7.592000 
17.066999 17.066999 25.507999 0.000000 0.148000 0.000000 67.413002 0.001000 2.134000 9.052000 
13.275000 13.275000 9.353000 0.000000 0.136000 0.000000 69.921997 0.000000 2.218000 6.543000 
14.634000 14.634000 17.688000 0.000000 0.171000 0.000000 69.651001 0.000000 2.194000 5.735000 
13.270000 13.270000 25.995001 0.000000 0.139000 0.000000 69.403000 0.000000 2.166000 5.793000 
18.620001 18.620001 9.612000 0.000000 0.140000 0.000000 70.892998 0.000000 2.239000 8.925000 
17.084000 17.084000 17.948000 0.000000 0.140000 0.000000 70.652000 0.000000 2.221000 8.344000 
11.831000 11.831000 26.240000 0.000000 0.137000 0.000000 70.380997 0.000000 2.200000 6.638000 
9.896000 9.896000 9.701000 0.000000 0.144000 0.000000 79.677002 0.000000 2.261000 12.098000 
14.774000 14.774000 18.136000 0.000000 0.143000 0.000000 79.408997 0.000000 2.288000 10.985000 
21.754000 21.754000 26.627001 0.000000 0.155000 0.000000 79.072998 0.000000 2.230000 6.898000 
10.375000 10.375000 9.226000 0.000000 0.149000 0.000000 122.780998 0.000000 2.073000 7.370000 
9.029000 9.029000 17.016001 0.000000 0.129000 0.000000 122.266998 0.000000 2.121000 11.262000 
18.377001 18.377001 24.308001 0.001000 0.148000 0.000000 121.855003 0.000000 2.062000 8.944000 
